            Climatological data for DAVIS, California: OCT 2021

     Air Temperature       Soil Temperature        Prcp  Evap      Wind
----------------------------------------------------------------------------
      2 m      15 m     10cm     20cm     50cm                  0.5m   2m
Day  max min  max min  max min  max min  max min     totals   Passage  Dir
----------------------------------------------------------------------------
  1   90  49   88  53   78  70   77  73   79  77   0.00  0.21   -99    N
  2   92  53   91  56   78  71   77  73   79  77   0.00  0.26   -99    N
  3   95  53   92  57   79  71   77  74   79  77   0.00  0.27   -99    N
  4   93  52   89  56   79  72   77  74   79  77   0.00  0.29   -99    N
  5   93  52   90  59   78  72   77  74   78  77   0.00  0.27   -99    S
  6   87  57   83  57   77  71   77  74   79  77   0.00  0.36   -99    S
  7   79  54   76  55   77  71   76  73   78  77   0.00  0.23   -99    SE
  8   75  52   72  52   76  70   76  73   78  76   0.00  0.27   -99    SE
  9   72  44   68  45   75  69   75  72   78  76   0.00  0.13   -99    N
 10   77  45   75  48   74  68   74  71   77  75   0.00  0.21   -99    W
 11   83  57   80  54   74  67   74  70   76  75   0.00  0.35   -99    N
 12   70  44   68  51   72  66   73  70   76  74   0.00  0.52   -99    N
 13   72  34   70  46   70  65   71  68   75  73   0.00  0.42   -99    SE
 14   75  48   73  51   71  65   70  68   75  73   0.00  0.17   -99    N
 15   79  42   76  46   70  64   70  68   74  72   0.00  0.27   -99    N
 16   83  43   81  49   70  64   70  67   73  72   0.00  0.23   -99    N
 17   86  49   86  52   71  64   71  67   73  72   0.00  0.26   -99    SE
 18   75  42   72  44   70  64   70  68   73  72   0.00  0.22   -99    SE
 19   68  38   65  40   69  63   69  67   73  71   0.00  0.14   -99    N
 20   70  50   66  49   68  62   68  66   72  71   0.00  0.18   -99    W
 21   66  51   66  55   68  65   69  67   72  70   0.19  0.02   -99    SE
 22   72  58   70  58   70  66   70  67   72  70   0.19  0.11   -99    SE
 23   69  50   66  53   70  65   70  67   72  70   0.00  0.13   -99    SW
 24   66  39   64  55   67  63   68  66   72  70   1.57  0.72   -99    SE
 25   61  56   67  56   63  61   67  63   71  68   3.31  2.91   -99    W
 26   66  50   64  51   64  60   65  62   70  67   0.01  0.13   -99    SE
 27   67  53   64  54   64  60   65  62   68  66   0.00  0.09   -99    SE
 28   71  52   69  54   66  61   66  63   68  66   0.00  0.11   -99    N
 29   75  51   73  51   67  62   66  63   68  67   0.00  0.09   -99    N
 30   75  54   73  53   67  62   67  64   68  67   0.00  0.07   -99    S
 31   71  48   68  50   67  62   67  64   68  67   0.00  0.16   -99    S
----------------------------------------------------------------------------
High  95  58   92  59   79  72   77  74   79  77   3.31  2.91   -99
Low   61  34   64  40   63  60   65  62   68  66   0.00  0.02   999
Mean  77  49   74  52   71  66   71  68   74  72   0.17  0.32     0
Total                                             5.27 9.80     0
----------------------------------------------------------------------------
GROWING DEGREE DAYS (BASE = 50 F) =  396.5
HEATING DEGREE DAYS (BASE = 65 F) =  120.5
COOLING DEGREE DAYS (BASE = 65 F) =  52
There were  0  days of missing degree day data.
Number of days with Tmax of 90 F and above =  5
Number of days with Tmin of 32 F and below =  0

Values are for the 24 hour period ending 8 AM PST.       Missing data = -99.
Temperatures in degrees F, precipiation and evaporation in inches.
Wind passage in statute miles, wind direction valid at 8 AM.

    NOAA Reference Climatological station operated by the Department of
      Land, Air and Water Resources, University of California, Davis.

