            Climatological data for DAVIS, California: MAY 2022

     Air Temperature       Soil Temperature        Prcp  Evap      Wind
----------------------------------------------------------------------------
      2 m      15 m     10cm     20cm     50cm                  0.5m   2m
Day  max min  max min  max min  max min  max min     totals   Passage  Dir
----------------------------------------------------------------------------
  1   83  47   79  47   71  63   68  64   65  64   0.00  0.35   -99    N
  2   83  50   81  51   71  64   68  65   66  64   0.00  0.39   -99    SW
  3   77  56   73  55   71  65   69  65   66  64   0.00  0.38   -99    N
  4   83  50   80  54   71  65   69  65   66  65   0.00  0.39   -99    S
  5   90  53   87  54   73   0   70  66   67  65   0.00  0.32   -99    S
  6   76  54   72  55   71  67   69  67   67  66   0.00  0.23   -99    SW
  7   79  51   76  51   72  66   70  67   67  66   0.00  0.27   -99    W
  8   78  50   75  46   74  67   71  67   67  66   0.00  0.36   -99    SW
  9   70  43   65  43   72  66   70  67   68  66   0.00  0.36   -99    W
 10   67  38   63  40   70  64   69  66   68  66   0.00  0.23   -99    N
 11   64  37   60  41   68  62   67  64   67  66   0.00  0.20   -99    NW
 12   75  41   71  43   70  61   68  63   67  65   0.00  0.44   -99    S
 13   77  45   73  47   73  47   68  65   66  65   0.00  0.58   -99    N
 14   85  54   82  55   73  65   70  65   67  65   0.00  0.35   -99    N
 15   93  55   90  57   75  67   71  67   67  66   0.00  0.59   -99    SE
 16   95  50   91  53   77  69   73  69   69  67   0.00  0.67   -99    SW
 17   86  49  -99 -99   72  71   72  71   69  68   0.00  0.78   -99    N
 18   95  51   91  53   78  70   74  70   70  68   0.00  0.74   -99    N
 19  100  66   97  68   78  71   75  70   70  66   0.00  0.75   -99    N
 20   94 -99   89  58   80  73   76  72   71  69   0.00  0.72   -99    N
 21   84  36   81  60   78  72   75  72   71  70   0.00  0.53   -99    N
 22   90  51   87  54   79  71   75  71   71  70   0.00  0.42   -99    N
 23   93  55   89  58   80  72   76  72   72  70   0.00  0.45   -99    N
 24   97  61   93  67   80  73   76  73   72  71   0.00  0.63   -99    N
 25  101  65   97  69   81  73   77  73   73  71   0.00  0.64   -99    N
 26  103  58  100  59   83  75   80  74   74  72   0.00  0.57   -99    S
 27   84  54   81  55   82  76   78  76   74  73   0.00  0.39   -99    CALM
 28   85  56   81  56   81  76   79  75   74  73   0.00  0.36   -99    CALM
 29   82  50   77  52   82  75   78  76   74  73   0.00  0.33   -99    N
 30   84  67   80  55   81  74   78  75   74  73   0.00  0.47   -99    N
 31  -99 -99   81  57   81  74   77  75   74  73   0.00   -99   -99    N
----------------------------------------------------------------------------
High 103  67  100  69   83  76   80  76   74  73   0.00  0.78   -99
Low   64  36   60  40   68   0   67  63   65  64   0.00  0.20   999
Mean  85  51   81  54   76  66   73  69   69  68   0.00  0.46     0
Total                                             0.00 13.89     0
----------------------------------------------------------------------------
GROWING DEGREE DAYS (BASE = 50 F) =  526
HEATING DEGREE DAYS (BASE = 65 F) =  52.5
COOLING DEGREE DAYS (BASE = 65 F) =  143.5
There were  2  days of missing degree day data.
Number of days with Tmax of 90 F and above =  11
Number of days with Tmin of 32 F and below =  0

Values are for the 24 hour period ending 8 AM PST.       Missing data = -99.
Temperatures in degrees F, precipiation and evaporation in inches.
Wind passage in statute miles, wind direction valid at 8 AM.

    NOAA Reference Climatological station operated by the Department of
      Land, Air and Water Resources, University of California, Davis.

