            Climatological data for DAVIS, California: MAR 2022

     Air Temperature       Soil Temperature        Prcp  Evap      Wind
----------------------------------------------------------------------------
      2 m      15 m     10cm     20cm     50cm                  0.5m   2m
Day  max min  max min  max min  max min  max min     totals   Passage  Dir
----------------------------------------------------------------------------
  1   76  43   76  45   55  49   53  50   53  52   0.00  0.12   -99    SE
  2   78  43   77  45   57  51   55  52   54  52   0.00  0.13   -99    CALM
  3   79  47   73  48   57  53   56  53   54  53   0.00  0.15   -99    CALM
  4   61  48   58  50   56  53   55  53   55  54   0.00  0.10   -99    CALM
  5   68  34   65  36   57  52   56  53   55  54   0.00  0.17   -99    N
  6   59  32   56  36   55  50   54  52   55  54   0.00  0.11   -99    NE
  7   66  39   63  44   54  49   54  51   55  54   0.00  0.16   -99    N
  8   70  43   68  46   54  50   54  51   55  53   0.00  0.32   -99    N
  9   76  41   74  46   55  50   54  51   54  53   0.00  0.19   -99    CALM
 10   73  41   71  47   56  51   55  52   55  53   0.00  0.28   -99    N
 11   68  40   66  40   56  52   55  53   55  54   0.00  0.34   -99    NW
 12   74  37   74  40   57  51   55  53   55  54   0.00  0.14   -99    S
 13   74  47   70  46   57  52   56  53   55  54   0.00  0.32   -99    S
 14   69  41   67  44   59  54   57  54   56  54   0.00  0.16   -99    NW
 15   73  50   71  50   59  54   57  55   56  55   0.14  0.18   -99    S
 16   73  46   71  48   61  57   59  56   57  55   0.01  0.17   -99    N
 17   75  45   72  47   60  56   58  56   57  56   0.00  0.21   -99    NW
 18   74  39   72  41   59  55   58  56   57  56   0.00  0.20   -99    N
 19   75  43   72  44   59  54   58  56   57  56   0.00  0.17   -99    S
 20   64  46   63  47   59  55   58  56   58  56   0.00  2.51   -99    N
 21   72  41   71  45   59  55   58  56   58  57   0.00  0.30   -99    NW
 22   83  51   81  54   60  54   59  55   58  56   0.00  0.39   -99    N
 23   87  51   85  51   63  58   61  57   58  57   0.00  0.28   -99    CALM
 24   83  46   81  47   64  59   61  59   59  58   0.00  0.21   -99    CALM
 25   84  43   82  44   63  59   62  59   60  58   0.00  0.22   -99    SE
 26   79  42   76  43   63  59   62  59   60  59   0.00  0.17   -99    N
 27   84  42   79  46   63  58   62  59   60  59   0.00  0.28   -99    S
 28   70  53   66  53   63  59   62  60   60  59   0.41  0.16   -99    N
 29   60  42   58  45   61  57   61  59   60  59   0.58  0.43   -99    N
 30   73  36   70  49   61  57   61  58   61  59   0.00  0.26   -99    SW
 31   63  45   61  47   61  59   60  59   61  59   0.00  0.08   -99    W
----------------------------------------------------------------------------
High  87  53   85  54   64  59   62  60   61  59   0.58  2.51   -99
Low   59  32   56  36   54  49   53  50   53  52   0.00  0.08   999
Mean  73  43   71  46   59  54   58  55   57  56   0.04  0.29     0
Total                                             1.14 8.91     0
----------------------------------------------------------------------------
GROWING DEGREE DAYS (BASE = 50 F) =  254.5
HEATING DEGREE DAYS (BASE = 65 F) =  221
COOLING DEGREE DAYS (BASE = 65 F) =  6
There were  0  days of missing degree day data.
Number of days with Tmax of 90 F and above =  0
Number of days with Tmin of 32 F and below =  1

Values are for the 24 hour period ending 8 AM PST.       Missing data = -99.
Temperatures in degrees F, precipiation and evaporation in inches.
Wind passage in statute miles, wind direction valid at 8 AM.

    NOAA Reference Climatological station operated by the Department of
      Land, Air and Water Resources, University of California, Davis.

