            Climatological data for DAVIS, California: APR 2022

     Air Temperature       Soil Temperature        Prcp  Evap      Wind
----------------------------------------------------------------------------
      2 m      15 m     10cm     20cm     50cm                  0.5m   2m
Day  max min  max min  max min  max min  max min     totals   Passage  Dir
----------------------------------------------------------------------------
  1   75  43   73  43   61  58   60  61   61  59   0.00  0.21   -99    N
  2   80  46   79  47   63  57   61  58   60  59   0.00  0.21   -99    N
  3   82  45   79  50   63  59   62  59   61  59   0.00  0.32   -99    NW
  4   84  46   82  47   65  58   62  59   61  59   0.00  0.26   -99    SE
  5   76  48   74  50   64  59   62  60   61  60   0.00  0.15   -99    N
  6   76  50   73  51   64  59   62  60   61  60   0.00  0.39   -99    N
  7   88  47   86  50   64  58   62  59   61  60   0.00  0.28   -99    N
  8   90  50   89  51   66  59   64  60   61  60   0.00  0.25   -99    N
  9   90  50   88  58   68  61   65  62   62  61   0.00  0.28   -99    N
 10   78  59   75  56   66  61   65  62   63  61   0.00  0.61   -99    N
 11   78  46   74  49   65   6   63  61   63  61   0.00  0.36   -99    SE
 12   66  35   62  39   65  59   64  61   63  61   0.00  0.31   -99    NW
 13   66  39   62  40   64  58   63  60   63  61   0.00  0.19   -99    SW
 14   65  43   61  43   64  58   63  60   62  61   0.00  0.17   -99    SE
 15   63  46   60  45   62  59   62  60   62  61   0.00  0.11   -99    S
 16   71  52   69  47   65  58   63  59   62  61   0.50  0.14   -99    S
 17   70  40   67  42   66  60   64  61   62  61   0.01  0.32   -99    E
 18   74  41   71  42   66  59   64  60   62  61   0.00  0.26   -99    SW
 19   72  52   69  50   66  59   64  60   62  61   0.03  0.16   -99    CALM
 20   70  44   67  45   67  61   64  62   63  61   0.00  0.23   -99    S
 21   72  52   68  51   66  60   65  61   63  62   0.04  0.21   -99    SE
 22   68  43   65  44   66  61   65  62   63  62   0.01  0.25   -99    SE
 23   70  45   52  50   61  60   63  62   63  62   0.00  0.18   -99    NW
 24   79  49   76  50   66  61   64  62   63  62   0.00  0.33   -99    N
 25   83  48   80  49   68  60   65  61   63  62   0.00  0.29   -99    S
 26   82  53   80  53   69  62   66  63   64  62   0.00  0.33   -99    SW
 27   80  44   77  45   70  64   67  64   65  63   0.00  0.34   -99    NW
 28   77  45   74  45   70  65   68  64   65  63   0.00  0.25   -99    SW
 29   74  48   72  49   70  64   68  64   65  64   0.00  0.31   -99    N
 30   82  47   79  48   69  63   67  64   65  64   0.00  0.26   -99    S
----------------------------------------------------------------------------
High  90  59   89  58   70  65   68  64   65  64   0.50  0.61   -99
Low   63  35   52  39   61   6   60  58   60  59   0.00  0.11   999
Mean  76  47   73  48   66  58   64  61   62  61   0.02  0.27     0
Total                                             0.59 7.96     0
----------------------------------------------------------------------------
GROWING DEGREE DAYS (BASE = 50 F) =  338.5
HEATING DEGREE DAYS (BASE = 65 F) =  130.5
COOLING DEGREE DAYS (BASE = 65 F) =  19
There were  0  days of missing degree day data.
Number of days with Tmax of 90 F and above =  2
Number of days with Tmin of 32 F and below =  0

Values are for the 24 hour period ending 8 AM PST.       Missing data = -99.
Temperatures in degrees F, precipiation and evaporation in inches.
Wind passage in statute miles, wind direction valid at 8 AM.

    NOAA Reference Climatological station operated by the Department of
      Land, Air and Water Resources, University of California, Davis.

